"Tumor Volume (cm^3)"
7.8240622158050535
7.2653878231048585
34.976335258483886
10.22508380126953
18.848419189453125
60.29319763183594
10.6026123046875
18.687583213806153
603.1545210571289
9.42879377746582
15.014544982910156
56.431549072265625
249.14413690567017
37.48824119567871
3.7391109466552734
17.243630241394044
43.09710900306702
6.288360595703125
17.219172517913726
1.852294921875
3.375040054321289
23.64056230545044
5.938782373428345
1.7465125674292146
113.42420959472656
532.7978811388614
230.98140625
3.631644874572754
286.0108394622803
83.6079086303711
1463.838645095825
4.999681220866689
8.792240839546054
6.690579483032226
44.45012756347656
23.09621109008789
76.3741549873352
424.212890625
79.63572360992431
9.0274658203125
6.0069460858830075
35.25264870071411
1416.7679077148437
11.429353586756157
129.02546310424805
65.07598137172599
44.70062255859375
156.5267713165283
36.888501848293075
7.5108552703857425
2.4515941439022577
48.40929107666015
16.577491569519044
41.28455895996094
8.015632629394531
497.845458984375
737.3870849609375
112.47268810272217
88.09788274765015
16.844974060058593
36.855435871124264
110.9885085560646
4.630088806152344
5.970977783203125
9.91241455078125
9.048981636858809
51.92185349235707
1086.6414276123046
19.49556884765625
52.414751052856445
451.3755440711975
9.61776123046875
1.7253303527832031
448.7243347167969
22.253437805175782
5.158897705078125
4.659840793609619
6.7187817192077635
717.4518245010375
395.378568649292
40.92471504211426
5.3767258650282255
5.695293342590332
14.545440673828125
100.50582885742188
8.01432585878104
24.56854086265865
41.4558544921875
244.99559765625
81.79043197631836
94.71301649093628
18.46752081298828
496.74298095703125
12.286597412109375
15.88458251953125
57.61955364990234
11.336958915710449
19.37706831543065
23.69242645263672
111.58858173989097
2.6860967102050783
5.040648365020752
702.1359973907471
6.05827783203125
65.5242919921875
53.15314763259887
3.2500921440124513
485.5313377385977
259.33309970855714
113.82283616772008
28.71875762939453
28.470320091222057
93.82937316894531
150.7644769859314
1392.3590848846436
11.103387451171875
41.16620642089844
32.24898005181522
81.42597509765625
139.6259479522705
0.8175779571533203
2.3106262893310934
30.221569061279297
2.185956250483657
4.94879150390625
7.075309753417969
69.03854217529297
12.868881225585938
14.093820554903814
6.4031352615356445
39.958447265625
59.60169039273394
4.867156314849853
63.5666371688534
51.58288707733154
564.6993643398284
9.703493118286133
2.2832412719726562
16.87328338623047
981.9983596801758
5.026411117553711
4.350811862945557
37.33922639465332
59.81669044494629
34.07124066352844
215.0859832763672
10.343270874023437
20.70903778076172
25.1930419921875
227.67576635742188
12.395344449119172
262.2846733093262
9.494178771972656
12.656538391113282
17.03232421875
6.078765153884888
3.0689239501953125
72.9806958618164
4.262091064453125
75.65787817382812
51.32381094360352
31.528319549560546
32.34879203796387
43.400390625
4.5629166412353515
0.8791328315734863
51.39508181787565
7.743231096774451
33.78919208786238
40.206712867130996
23.693084716796875
137.70439588546753
622.6859594708885
8.359236221313477
9.741332027435302
12.496551208496093
46.906471252441406
30.05546522140503
298.9992880058289
153.18923950195312
101.87703690318273
676.911319732666
6.56103515625
21.947810440063478
235.21948432922363
45.30968798941581
270.24116455078126
178.90625
3.420463623046875
370.9922790527344
20.31848258972168
2.602733141743721
787.811279296875
7.887908935546875
4.0471875
107.67524349212647
43.51588095474243
218.59063745498656
4.668384790420532
151.09072453944663
92.34099731445312
2.62908935546875
116.58559395287676
3.0397699279785155
65.150859375
13.018798828125
40.83303457260132
5.840049362182617
3.6518096351623535
2.2979736328125


array([[ 0.        ,  0.        , -0.78162497,  0.        ],
       [ 0.        , -0.78162497,  0.        ,  0.        ],
       [-3.        ,  0.        ,  0.        ,  0.        ],
       [ 0.        ,  0.        ,  0.        ,  1.        ]])

       